                                   
                    33             
                  3333333          
                                   
                                   
                0                  
                1000               
   0           011110              
0001000  00000011111100000000000000
111122   21111111111111111111111111
22222   222222111111111111111111122
2222  2  22222222222222222222221111
22222222 22222222222222222222222222
22222222222222222222222222222222222
22222222111222222222222222222222222
22222222222222222222222222222222222
22222222222222111222222222222222222
22222222222222222222222222222222222
22211111222222222222222222222222222
22222222222222222222222222222222222
22222222222222222222222222222222222
22222222222222222222222222222222222
22222222222222222222222222222222222
44444444444444444444444444444444444